-1.870669 0.707529 3.400000 -0.038202 0.999217 0.000000 
-1.973945 0.321781 4.500000 -0.038202 0.999217 0.000000 
-1.816601 0.836636 3.100000 -0.038202 0.999217 0.000000 
-1.578029 1.228749 3.700000 -0.038202 0.999217 0.000000 
-1.061023 1.695356 3.500000 -0.019385 0.999579 -0.000000 
-1.271846 1.543505 4.600000 -0.019385 0.999579 -0.000000 
-0.415362 1.956393 3.300000 -0.019385 0.999579 -0.000000 
-0.454404 1.947695 4.100000 -0.019385 0.999579 -0.000000 
-1.931959 0.517239 5.600000 -0.128874 0.991342 -0.000000 
-1.979985 0.282240 6.300000 -0.139243 0.990043 0.000000 
-1.713778 1.031003 6.500000 -0.215599 0.976284 0.000000 
-1.671178 1.098711 5.900000 -0.152672 0.988205 -0.000000 
-1.127970 1.651570 5.300000 -0.087300 0.995327 -0.000000 
-0.974964 1.746266 6.300000 -0.133031 0.991107 0.000000 
-0.317064 1.974708 5.600000 -0.049997 0.998618 -0.000000 
-0.512622 1.933189 5.900000 -0.079103 0.996795 -0.000000 
1.364442 1.462292 3.300000 0.014834 0.999875 -0.000000 
0.977744 1.744711 3.500000 0.014834 0.999875 -0.000000 
0.649593 1.891568 3.400000 0.014834 0.999875 -0.000000 
0.476952 1.942297 4.100000 0.014834 0.999875 -0.000000 
1.995102 0.139886 3.300000 0.071556 0.997436 0.000000 
1.857329 0.741841 3.900000 0.053301 0.998312 -0.000000 
1.745489 0.976354 3.400000 0.053301 0.998312 -0.000000 
1.694510 1.062372 4.600000 0.053301 0.998312 -0.000000 
1.393413 1.434712 4.700000 0.053301 0.998312 -0.000000 
1.029638 1.714598 4.900000 0.053610 0.997501 -0.000000 
-0.018407 1.999915 4.800000 -0.011380 0.998942 -0.000000 
0.534998 1.927116 6.000000 0.059529 0.998188 0.000000 
1.892085 0.648086 5.100000 0.085938 0.996197 0.000000 
1.951795 0.436459 6.300000 0.179554 0.983712 0.000000 
1.476937 1.348576 5.600000 0.113032 0.993532 0.000000 
1.826178 0.815521 5.700000 0.167457 0.984880 0.000000 
-1.946604 0.459056 6.700000 -0.165510 0.986154 0.000000 
-1.987560 0.222722 7.700000 -0.072163 0.997005 0.000000 
-1.540463 1.275529 6.600000 -0.215599 0.976284 0.000000 
-1.790689 0.890749 8.300000 -0.033990 0.997089 0.000000 
-1.362112 1.464463 6.600000 -0.139399 0.990236 -0.000000 
-0.974964 1.746266 7.000000 -0.069947 0.997411 0.000000 
-0.058399 1.999147 6.700000 0.001715 0.999765 -0.000000 
-0.178171 1.992048 7.800000 0.017437 0.996212 0.000000 
-1.999997 0.003185 8.700000 -0.033990 0.997089 0.000000 
-1.999002 0.063175 10.000000 -0.008612 0.998322 0.000000 
-1.514646 1.306082 8.500000 -0.029929 0.996815 0.000000 
-1.724002 1.013814 9.900000 -0.008612 0.998322 0.000000 
-1.127970 1.651570 8.700000 -0.029929 0.996815 0.000000 
-1.009692 1.726419 9.000000 -0.029929 0.996815 0.000000 
-0.038405 1.999631 8.800000 0.021137 0.997820 0.000000 
-0.608600 1.905152 9.300000 0.017437 0.996212 0.000000 
1.627757 1.162070 7.100000 0.138699 0.989783 0.000000 
1.826178 0.815521 6.900000 0.272002 0.962030 0.000000 
1.995102 0.139886 7.000000 0.167411 0.985887 0.000000 
1.997501 0.099958 7.900000 0.057063 0.995686 0.000000 
0.457506 1.946969 7.300000 0.054102 0.996973 0.000000 
0.457506 1.946969 7.800000 0.045641 0.997799 0.000000 
1.046732 1.704216 6.600000 0.167516 0.985823 0.000000 
1.319966 1.502561 8.100000 0.018368 0.997015 0.000000 
1.604192 1.194391 8.400000 0.057063 0.995686 0.000000 
1.705049 1.045374 9.000000 0.029432 0.998759 0.000000 
1.999100 0.059991 9.000000 0.029432 0.998759 0.000000 
1.999100 0.059991 9.600000 0.029432 0.998759 0.000000 
0.241006 1.985426 8.400000 0.021137 0.997820 0.000000 
0.339934 1.970899 9.600000 0.021137 0.997820 0.000000 
1.029638 1.714598 8.700000 0.018368 0.997015 0.000000 
0.960248 1.754401 9.500000 0.021137 0.997820 0.000000 
